pulseV	distanceSTD	distanceLD	timestampLD
543204	0.0036	0.2002	14:17:50.991
539728	0.0039	0.2017	14:17:51.203
536042	0.0034	0.2024	14:17:51.422
534363	0.0038	0.1969	14:17:51.517
532670	0.0046	0.1985	14:17:51.622
530823	0.0926	0.131	14:17:51.728
529128	0.0848	0.1467	14:17:51.836
527279	0.0051	0.1975	14:17:51.942
525611	0.005	0.1979	14:17:52.050
523645	0.0828	0.1654	14:17:52.160
521794	0.0028	0.2079	14:17:52.266
520443	0.0066	0.1968	14:17:52.371
516573	0.0095	0.2073	14:17:52.579
514566	0.0777	0.1733	14:17:52.699
513039	0.0048	0.2207	14:17:52.792
510848	0.001	0.2195	14:17:52.915
508989	0.0053	0.2213	14:17:53.025
507196	0.0039	0.2295	14:17:53.131
505528	0.0031	0.2371	14:17:53.236
503666	0.0042	0.2402	14:17:53.343
500131	0.0038	0.245	14:17:53.555
498277	0.0041	0.2471	14:17:53.665
496261	0.0013	0.2507	14:17:53.784
494418	0.0034	0.2531	14:17:53.890
492723	0.0044	0.2564	14:17:53.995
490697	0.0077	0.2691	14:17:54.118
488896	0.0055	0.2719	14:17:54.224
484978	0.0057	0.2835	14:17:54.450
483696	0.0005	0.286	14:17:54.530
481158	0.0033	0.2846	14:17:54.683
479302	0.0016	0.2933	14:17:54.790
477288	0.0032	0.2885	14:17:54.909
475615	0.0064	0.2914	14:17:55.015
473457	0.0061	0.296	14:17:55.135
471421	0.0059	0.3082	14:17:55.254
469600	0.0024	0.3035	14:17:55.373
467725	0.0033	0.3105	14:17:55.479
465740	0.0044	0.3153	14:17:55.598
463880	0.0011	0.3199	14:17:55.712
461693	0.0032	0.3241	14:17:55.833
460006	0.0029	0.3316	14:17:55.939
457976	0.0047	0.3282	14:17:56.057
456018	0.0016	0.3416	14:17:56.176
454005	0.0031	0.3474	14:17:56.294
452145	0.0041	0.3534	14:17:56.401
450120	0.0048	0.3599	14:17:56.520
448430	0.0003	0.3694	14:17:56.626
446417	0.0052	0.3619	14:17:56.745
444577	0.0031	0.3803	14:17:56.851
442545	0.0041	0.3807	14:17:56.971
440857	0.0029	0.3831	14:17:57.078
438719	0.0018	0.3927	14:17:57.198
437041	0.0059	0.4011	14:17:57.305
435208	0.0034	0.403	14:17:57.412
433182	0.0014	0.4107	14:17:57.531
431322	0.0025	0.4171	14:17:57.636
429633	0.0067	0.4252	14:17:57.742
427607	0.0062	0.4362	14:17:57.857
425772	0.0067	0.4359	14:17:57.974
423918	0.0053	0.4348	14:17:58.081
422101	0.0044	0.4414	14:17:58.187
420308	0.006	0.4553	14:17:58.293
418574	0.0058	0.4598	14:17:58.398
416496	0.008	0.4607	14:17:58.516
414723	0.0048	0.4632	14:17:58.622
412862	0.0011	0.4665	14:17:58.740
411686	0.002	0.4833	14:17:58.806
402109	0.0057	0.5187	14:17:59.373
400132	0.0043	0.5197	14:17:59.493
398226	0.0026	0.5153	14:17:59.599
396554	0.0028	0.5188	14:17:59.704
394717	0.0036	0.5313	14:17:59.810
393023	0.0049	0.5343	14:17:59.916
391164	0.0015	0.5441	14:18:00.023
389135	0.0008	0.5413	14:18:00.142
387399	0.0015	0.552	14:18:00.247
385896	0.0003	0.5566	14:18:00.340
383699	0.0008	0.5668	14:18:00.467
381842	0.0	0.5689	14:18:00.574
380151	0.001	0.5704	14:18:00.683
378296	0.0012	0.5824	14:18:00.792
376453	0.0026	0.5811	14:18:00.903
374782	0.0	0.589	14:18:00.998
372912	0.0017	0.5976	14:18:01.107
371312	0.0018	0.5969	14:18:01.215
369310	0.0028	0.6102	14:18:01.321
367968	0.0002	0.6103	14:18:01.401
356519	0.0002	0.6409	14:18:02.078
354679	0.0016	0.6512	14:18:02.190
352924	0.0016	0.6592	14:18:02.296
351070	0.002	0.6587	14:18:02.402
349302	0.0012	0.6621	14:18:02.508
347529	0.0003	0.6739	14:18:02.615
345521	0.0005	0.6844	14:18:02.734
343496	0.0003	0.6795	14:18:02.854
342140	0.0014	0.6902	14:18:02.933
340123	0.0027	0.698	14:18:03.051
338430	0.0007	0.7042	14:18:03.151
336675	0.0005	0.7118	14:18:03.255
334689	0.0008	0.7167	14:18:03.374
332994	0.0025	0.7201	14:18:03.481
331117	0.0001	0.7311	14:18:03.588
329285	0.001	0.7389	14:18:03.696
327605	0.0017	0.7446	14:18:03.801
325762	0.0018	0.7422	14:18:03.908
323908	0.0004	0.7489	14:18:04.015
322049	0.0005	0.761	14:18:04.122
320532	0.0007	0.7628	14:18:04.224
318615	0.001	0.7685	14:18:04.344
316940	0.0008	0.7765	14:18:04.437
315188	0.001	0.7844	14:18:04.543
313233	0.0018	0.7876	14:18:04.651
311385	0.0005	0.7963	14:18:04.761
309518	0.0021	0.7989	14:18:04.868
307669	0.0014	0.8012	14:18:04.975
303984	0.0007	0.8067	14:18:05.200
302232	0.0004	0.8226	14:18:05.301
300548	0.0005	0.8292	14:18:05.409
298692	0.0016	0.8309	14:18:05.516
296839	0.0017	0.84	14:18:05.622
295173	0.0006	0.842	14:18:05.727
293310	0.0021	0.8495	14:18:05.833
291284	0.001	0.8527	14:18:05.953
289594	0.0004	0.8612	14:18:06.059
287910	0.0	0.8619	14:18:06.152
286403	0.002	0.8711	14:18:06.259
284503	0.0018	0.8757	14:18:06.372
282399	0.0013	0.8835	14:18:06.480
280667	0.0008	0.8925	14:18:06.587
278590	0.0017	0.8879	14:18:06.704
277080	0.0011	0.9039	14:18:06.796
275246	0.0006	0.9032	14:18:06.905
273551	0.0009	0.9106	14:18:07.010
271689	0.0012	0.919	14:18:07.115
269834	0.0012	0.9181	14:18:07.223
268090	0.0007	0.9237	14:18:07.330
266082	0.0007	0.9305	14:18:07.445
264569	0.0007	0.9386	14:18:07.538
262850	0.0	0.9355	14:18:07.645
261024	0.0008	0.9531	14:18:07.752
259165	0.002	0.9577	14:18:07.858
257143	0.001	0.9597	14:18:07.976
255640	0.001	0.9663	14:18:08.069
253953	0.0009	0.9699	14:18:08.175
252264	0.0	0.9794	14:18:08.281
250346	0.0011	0.9841	14:18:08.387
248488	0.0009	0.9827	14:18:08.501
246907	0.0001	0.995	14:18:08.595
244804	0.0	1.0062	14:18:08.714
243275	0.0	1.0064	14:18:08.808
241423	0.001	1.0099	14:18:08.914
239567	0.0012	1.0125	14:18:09.021
237882	0.0007	1.0149	14:18:09.127
235875	0.0004	1.0182	14:18:09.246
234284	0.0	1.0209	14:18:09.339
232530	0.0031	1.0219	14:18:09.446
231600	0.0006	1.0245	14:18:09.500
223518	0.0015	1.0188	14:18:09.981
220146	0.003	1.0281	14:18:10.179
218115	0.0027	1.0388	14:18:10.298
216550	0.0002	1.0457	14:18:10.392
214711	0.0029	1.0452	14:18:10.499
213015	0.0024	1.0551	14:18:10.605
211163	0.0035	1.0605	14:18:10.711
209296	0.0017	1.0667	14:18:10.819
207781	0.0007	1.0777	14:18:10.914
205616	0.0	1.0854	14:18:11.039
204098	0.0	1.0939	14:18:11.132
202230	0.0024	1.0932	14:18:11.237
200257	0.0018	1.1057	14:18:11.356
198746	0.0044	1.1038	14:18:11.450
197287	0.0012	1.1077	14:18:11.543
195327	0.0022	1.1222	14:18:11.649
193424	0.0032	1.1247	14:18:11.768
191561	0.002	1.1379	14:18:11.873
189708	0.0	1.141	14:18:11.978
188190	0.0055	1.1424	14:18:12.080
186187	0.0021	1.1548	14:18:12.197
184679	0.0043	1.1527	14:18:12.291
182747	0.0041	1.1642	14:18:12.397
181208	0.0025	1.1664	14:18:12.490
179374	0.0029	1.1721	14:18:12.599
177501	0.0	1.183	14:18:12.706
175856	0.0052	1.1897	14:18:12.813
174005	0.0035	1.1934	14:18:12.919
172135	0.0009	1.2007	14:18:13.026
170456	0.0043	1.2067	14:18:13.126
168762	0.0012	1.2165	14:18:13.232
166922	0.0052	1.2242	14:18:13.337
165354	0.005	1.2244	14:18:13.430
163662	0.0	1.225	14:18:13.536
161809	0.0065	1.2404	14:18:13.644
159954	0.0029	1.2337	14:18:13.752
158265	0.0	1.253	14:18:13.857
156417	0.0	1.2604	14:18:13.963
154410	0.0	1.268	14:18:14.082
153727	0.0047	1.2677	14:18:14.122
151199	0.0038	1.2742	14:18:14.275
149406	0.0056	1.285	14:18:14.381
147542	0.0	1.294	14:18:14.486
146089	0.0045	1.2935	14:18:14.578
143989	0.004	1.304	14:18:14.697
142547	0.0042	1.2981	14:18:14.790
140691	0.0063	1.3097	14:18:14.895
138999	0.007	1.3189	14:18:15.002
137154	0.005	1.324	14:18:15.107
135815	0.0055	1.3305	14:18:15.186
93443	0.0037	1.4877	14:18:17.704
91830	0.0	1.499	14:18:17.798
89978	0.0	1.509	14:18:17.903
88291	0.0111	1.512	14:18:18.009
86451	0.011	1.5169	14:18:18.115
84945	0.008	1.529	14:18:18.208
83074	0.011	1.5299	14:18:18.313
81391	0.01	1.537	14:18:18.419
79601	0.0085	1.5445	14:18:18.525
78083	0.01	1.5539	14:18:18.619
76328	0.009	1.559	14:18:18.719
74568	0.0108	1.5552	14:18:18.825
72700	0.008	1.57	14:18:18.930
71018	0.0075	1.5785	14:18:19.035
69158	0.0075	1.5639	14:18:19.142
67642	0.008	1.578	14:18:19.235
65808	0.007	1.582	14:18:19.340
64291	0.007	1.593	14:18:19.446
62489	0.0062	1.5921	14:18:19.539
60808	0.007	1.602	14:18:19.644
59208	0.008	1.607	14:18:19.748
57271	0.008	1.617	14:18:19.854
55604	0.008	1.623	14:18:19.948
53915	0.0	1.6265	14:18:20.054
52224	0.0075	1.6295	14:18:20.150
50365	0.007	1.637	14:18:20.259
48508	0.006	1.644	14:18:20.369
47163	0.008	1.6379	14:18:20.465
45387	0.0087	1.6472	14:18:20.561
43524	0.006	1.652	14:18:20.669
42345	0.0063	1.6607	14:18:20.749
39987	0.0073	1.6637	14:18:20.877
38125	0.006	1.668	14:18:20.984
36453	0.0065	1.6684	14:18:21.089
34612	0.0045	1.6805	14:18:21.193
33085	0.0045	1.6875	14:18:21.286
31403	0.005	1.687	14:18:21.391
30047	0.0068	1.7002	14:18:21.482
27878	0.0055	1.6985	14:18:21.588
26048	0.005	1.703	14:18:21.707
24611	0.0045	1.7115	14:18:21.786
22708	0.003	1.714	14:18:21.900
21026	0.004	1.723	14:18:22.005
19167	0.005	1.7289	14:18:22.109
17652	0.004	1.7349	14:18:22.203
15986	0.004	1.7419	14:18:22.307
14297	0.0035	1.7484	14:18:22.399
12946	0.002	1.7549	14:18:22.504
10774	0.0025	1.7584	14:18:22.610
9056	0.002	1.7649	14:18:22.717
7369	0.001	1.7689	14:18:22.809
6276	0.001	1.7719	14:18:22.875
