DIFF_X	DIFF_Y	ANGLE	CAM_ID	MARKER_VALUE	X	Y	Z	LASTSEEN	CUR_POS	CUR_SPD	DISTANCE_FROM_HOME	DISTANCE_ARMEXTENDED	ANGLE_540	ANGLE_360
27.21	20.44	-4	0	97	920	404	4609	1730115240.081706	2999999	0	7050	0	0	178
27.2	20.46	-3	0	97	915	403	4588	1730115240.180089	2999846	-23	7050	0	0	178
27.19	20.46	-3	0	97	901	397	4521	1730115240.282251	2998866	-65	7047	0	0	178
27.2	20.46	-3	0	97	915	403	4588	1730115240.382311	2997454	-97	7044	0	0	178
27.2	20.46	-3	0	97	915	403	4588	1730115240.483637	2995437	-120	7039	0	0	178
27.2	20.46	-3	0	97	915	403	4588	1730115240.58372	2993012	-176	7034	0	0	178
27.2	20.46	-3	0	97	915	403	4588	1730115240.690919	2989425	-205	7025	0	0	178
27.21	20.44	-4	0	97	920	404	4609	1730115240.797087	2985271	-239	7015	0	0	178
27.2	20.46	-3	0	97	915	403	4588	1730115240.902869	2980623	-275	7004	0	0	178
27.17	20.46	-3	0	97	914	403	4589	1730115241.000757	2976655	-296	6995	0	0	178
27.07	20.49	-4	0	97	914	404	4603	1730115241.103806	2970853	-336	6982	0	0	178
26.77	20.56	-3	0	97	916	410	4652	1730115241.20658	2964679	-374	6967	0	0	178
26.35	20.56	-3	0	97	903	409	4646	1730115241.286984	2959146	-401	6954	0	0	178
25.99	20.58	-4	0	97	895	410	4658	1730115241.405657	2951120	-430	6935	0	0	178
25.59	20.6	-3	0	97	878	408	4629	1730115241.501253	2943823	-470	6918	0	0	178
25.1	20.56	-3	0	97	864	407	4628	1730115241.573707	2937012	-492	6902	0	0	178
24.79	20.49	-4	0	97	868	412	4694	1730115241.681886	2927897	-507	6881	0	0	178
23.96	20.44	-2	0	97	847	412	4710	1730115241.786756	2919827	-502	6862	0	0	178
23.35	20.46	-3	0	97	833	414	4728	1730115241.901371	2910889	-492	6841	0	0	178
22.92	20.49	-4	0	97	810	409	4666	1730115241.986031	2902937	-493	6822	0	0	178
22.3	20.51	-3	0	97	837	432	4929	1730115242.085367	2894939	-499	6803	0	0	178
21.52	20.44	-2	0	97	792	420	4799	1730115242.182595	2886841	-500	6784	0	0	178
20.56	20.3	-4	0	97	757	414	4756	1730115242.272604	2879299	-505	6766	0	0	178
20.1	20.25	-2	0	97	743	413	4752	1730115242.372265	2871254	-498	6747	0	0	178
19.27	20.3	-4	0	97	736	423	4864	1730115242.470908	2862833	-490	6728	0	0	178
18.79	20.39	-4	0	97	724	426	4882	1730115242.572569	2853864	-512	6707	0	0	178
18.09	20.39	-4	0	97	709	430	4924	1730115242.671399	2845720	-509	6687	0	0	178
17.34	20.25	-2	0	97	685	426	4911	1730115242.77157	2837643	-506	6668	0	0	178
16.64	20.14	-3	0	97	664	424	4914	1730115242.871054	2829688	-498	6650	0	0	178
16.0	20.16	-2	0	97	652	430	4970	1730115242.974398	2820689	-498	6629	0	0	178
15.31	20.32	-3	0	97	627	430	4939	1730115243.067698	2812691	-494	6610	0	0	178
14.6	20.37	-3	0	97	608	433	4965	1730115243.173414	2805531	-521	6593	0	0	178
13.83	20.23	-2	0	97	584	430	4960	1730115243.277973	2796014	-501	6571	0	0	178
13.18	20.21	-3	0	97	586	446	5153	1730115243.376426	2787049	-494	6550	0	0	178
45.74	19.61	5	0	98	1259	351	4061	1730115243.472982	2779644	-497	6532	0	0	178
12.55	20.25	-2	0	97	542	428	4932	1730115243.474724	2778650	-494	6530	0	0	178
11.88	20.32	-2	0	97	525	432	4973	1730115243.573813	2772612	-498	6516	0	0	178
11.09	20.32	-2	0	97	500	431	4963	1730115243.677722	2762520	-509	6492	0	0	178
43.46	19.54	-4	0	98	1253	363	4227	1730115243.77095	2754477	-496	6473	0	0	178
10.39	20.23	-2	0	97	481	432	4990	1730115243.776486	2753487	-499	6471	0	0	178
9.73	20.32	-2	0	97	464	437	5027	1730115243.884042	2745587	-499	6452	0	0	178
9.13	20.32	-2	0	97	447	439	5055	1730115243.979342	2737662	-493	6434	0	0	178
8.44	20.32	-2	0	97	421	434	5000	1730115244.07381	2729598	-512	6415	0	0	178
6.99	20.25	-1	0	97	370	427	4931	1730115244.276701	2711941	-499	6373	0	0	178
6.34	20.35	-1	0	97	352	431	4951	1730115244.379064	2704047	-497	6355	0	0	178
5.72	20.32	-2	0	97	332	430	4952	1730115244.47905	2695632	-503	6335	0	0	178
5.04	20.21	-1	0	97	311	427	4943	1730115244.580446	2688629	-498	6318	0	0	178
37.11	19.47	4	0	98	1106	363	4275	1730115244.674233	2679494	-506	6297	0	0	178
4.32	20.21	-1	0	97	286	424	4904	1730115244.678151	2678485	-502	6294	0	0	178
3.62	20.37	-2	0	97	264	427	4904	1730115244.775311	2670444	-498	6276	0	0	178
2.97	20.42	-2	0	97	243	426	4883	1730115244.875843	2662542	-487	6257	0	0	178
2.37	20.3	-1	0	97	226	426	4907	1730115244.977334	2654631	-494	6238	0	0	178
1.67	20.19	-2	0	97	204	424	4907	1730115245.068898	2646630	-499	6220	0	0	178
0.92	20.23	-2	0	97	179	419	4847	1730115245.161787	2638452	-508	6200	0	0	178
32.83	19.44	-4	0	98	1060	384	4546	1730115245.256794	2630881	-493	6183	0	0	178
0.2	20.25	-1	0	97	157	420	4851	1730115245.261951	2629878	-501	6180	0	0	178
32.2	19.44	-4	0	98	1041	384	4538	1730115245.366911	2621934	-494	6162	0	0	178
-0.4	20.23	-2	0	97	138	419	4850	1730115245.372124	2620956	-488	6159	0	0	178
-1.05	20.23	-1	0	97	118	419	4851	1730115245.467739	2612540	-494	6139	0	0	178
30.77	19.38	3	0	98	1019	388	4613	1730115245.563608	2605502	-510	6123	0	0	178
-1.76	20.14	-2	0	97	99	429	4976	1730115245.565205	2604499	-496	6121	0	0	178
30.01	19.28	-3	0	98	1039	403	4803	1730115245.671965	2596404	-505	6102	0	0	178
-2.49	20.14	-1	0	97	75	418	4848	1730115245.678065	2595406	-505	6099	0	0	178
29.32	19.35	-2	0	98	964	382	4545	1730115245.769659	2588381	-499	6083	0	0	178
-3.15	20.16	-2	0	97	55	423	4910	1730115245.775366	2587399	-497	6080	0	0	178
-3.76	20.23	-2	0	97	36	419	4850	1730115245.861681	2580386	-499	6064	0	0	178
-4.41	20.21	-2	0	97	16	418	4848	1730115245.964267	2571356	-498	6043	0	0	178
27.27	19.38	3	0	98	949	399	4749	1730115246.061295	2564236	-506	6026	0	0	178
-5.13	20.16	-2	0	97	-6	402	4670	1730115246.063242	2563232	-506	6024	0	0	178
-5.78	20.23	-1	0	97	-26	413	4786	1730115246.164287	2556220	-497	6007	0	0	178
-6.45	20.23	-1	0	97	-46	418	4842	1730115246.266313	2546741	-490	5985	0	0	178
-7.08	20.28	-2	0	97	-67	424	4900	1730115246.369751	2537734	-500	5964	0	0	178
-7.75	20.23	-2	0	97	-86	417	4835	1730115246.467335	2530140	-501	5946	0	0	178
-8.44	20.23	-1	0	97	-105	412	4773	1730115246.565532	2521067	-503	5925	0	0	178
-9.11	20.23	-1	0	97	-126	412	4778	1730115246.666955	2513080	-493	5906	0	0	178
-9.7	20.23	-3	0	97	-145	417	4831	1730115246.767429	2505117	-494	5887	0	0	178
21.78	19.42	0	0	98	812	409	4877	1730115246.863369	2497163	-497	5868	0	0	178
-10.33	20.21	-2	0	97	-164	416	4826	1730115246.86499	2496153	-503	5866	0	0	178
-11.04	20.14	-1	0	97	-186	416	4839	1730115246.962661	2489042	-511	5849	0	0	178
-11.74	20.16	0	0	97	-218	438	5094	1730115247.06544	2479941	-502	5828	0	0	178
-12.36	20.14	-1	0	97	-230	423	4926	1730115247.163858	2471967	-493	5809	0	0	178
19.08	19.38	2	0	98	738	412	4919	1730115247.265846	2463624	-497	5790	0	0	178
-12.9	20.14	-1	0	97	-241	413	4815	1730115247.267273	2462635	-488	5787	0	0	178
-13.53	20.05	-1	0	97	-266	422	4938	1730115247.363365	2454636	-494	5768	0	0	178
17.7	19.4	-3	0	98	703	416	4964	1730115247.465425	2446967	-512	5750	0	0	178
-14.24	20.05	-1	0	97	-283	414	4843	1730115247.46996	2445935	-517	5748	0	0	178
-14.7	20.07	-3	0	97	-304	425	4972	1730115247.567624	2437834	-505	5729	0	0	178
-15.52	20.05	-1	0	97	-322	415	4858	1730115247.669169	2429874	-498	5710	0	0	178
-16.08	19.95	-1	0	97	-334	408	4794	1730115247.764907	2421967	-495	5692	0	0	178
15.77	19.35	-1	0	98	650	419	5007	1730115247.766586	2420989	-488	5689	0	0	178
-16.71	19.86	-1	0	97	-359	414	4878	1730115247.86474	2413006	-494	5671	0	0	178
-17.4	19.93	0	0	97	-370	404	4754	1730115247.968171	2404878	-500	5651	0	0	178
-18.09	19.93	-3	0	97	-394	408	4803	1730115248.069611	2396661	-501	5632	0	0	178
46.09	20.56	174	0	99	1335	384	4274	1730115248.166638	2388677	-489	5613	0	0	178
-18.7	19.95	-1	0	97	-415	411	4833	1730115248.171602	2387687	-496	5611	0	0	178
-19.05	19.88	-3	0	97	-426	410	4838	1730115248.268084	2379277	-490	5591	0	0	178
12.06	19.26	-1	0	98	547	426	5121	1730115248.368763	2371341	-507	5573	0	0	178
44.4	20.51	174	0	99	1233	365	4083	1730115248.464284	2363761	-510	5555	0	0	178
-20.31	19.77	-1	0	97	-451	398	4715	1730115248.468283	2362743	-503	5552	0	0	178
-21.04	19.86	-1	0	97	-474	400	4727	1730115248.568086	2354585	-504	5533	0	0	178
43.01	20.58	175	0	99	1212	369	4126	1730115248.668172	2346622	-491	5515	0	0	178
9.95	19.35	-1	0	98	480	429	5131	1730115248.668972	2345637	-499	5512	0	0	178
-22.27	19.95	0	0	97	-507	400	4708	1730115248.759701	2338718	-490	5496	0	0	178
-22.86	19.88	-4	0	97	-532	405	4783	1730115248.859956	2330812	-492	5477	0	0	178
8.02	19.44	-2	0	98	410	421	5026	1730115248.961914	2321752	-507	5456	0	0	178
7.27	19.44	0	0	98	386	422	5031	1730115249.075815	2312655	-502	5435	0	0	178
-24.93	20.09	1	0	97	-590	407	4766	1730115249.187356	2303636	-500	5414	0	0	178
-25.49	20.12	-1	0	97	-575	387	4527	1730115249.282754	2295215	-499	5394	0	0	178
38.29	20.81	174	0	99	1136	383	4276	1730115249.373709	2288276	-497	5377	0	0	178
-26.13	20.02	1	0	97	-614	399	4687	1730115249.378906	2287289	-496	5375	0	0	178
37.54	20.83	175	0	99	1127	387	4313	1730115249.483679	2278731	-501	5355	0	0	178
-26.86	20.05	0	0	97	-621	391	4593	1730115249.488857	2277712	-510	5353	0	0	178
36.81	20.93	175	0	99	1138	398	4430	1730115249.563623	2271695	-501	5338	0	0	178
-27.55	20.14	0	0	97	-645	395	4627	1730115249.569006	2270698	-494	5336	0	0	178
36.12	21.0	174	0	99	1091	389	4316	1730115249.665489	2263717	-505	5320	0	0	178
3.18	19.77	-2	0	98	258	428	5041	1730115249.667267	2262723	-490	5317	0	0	178
2.5	19.72	0	0	98	236	428	5046	1730115249.775875	2254728	-491	5299	0	0	178
-29.54	20.23	0	0	97	-708	401	4684	1730115249.856363	2246708	-494	5280	0	0	178
34.05	21.02	175	0	99	1055	395	4386	1730115249.961676	2238724	-498	5261	0	0	178
-30.2	20.3	1	0	97	-723	401	4665	1730115249.966994	2237724	-502	5259	0	0	178
33.31	21.09	174	0	99	1023	391	4333	1730115250.063424	2230720	-493	5242	0	0	178
-30.91	20.32	0	0	97	-731	395	4592	1730115250.065681	2229722	-500	5240	0	0	178
32.62	21.25	175	0	99	1013	396	4369	1730115250.166877	2221731	-505	5221	0	0	178
-31.56	20.42	0	0	97	-765	405	4690	1730115250.171073	2220728	-497	5219	0	0	178
-0.91	19.93	-1	0	98	128	431	5042	1730115250.270345	2213704	-507	5202	0	0	178
-32.89	20.49	1	0	97	-786	398	4597	1730115250.365503	2205166	-499	5182	0	0	178
-33.59	20.51	0	0	97	-804	398	4592	1730115250.467234	2196706	-487	5162	0	0	178
-34.38	20.65	0	0	97	-830	402	4621	1730115250.560379	2188756	-493	5144	0	0	178
-34.99	20.67	1	0	97	-852	405	4653	1730115250.665323	2179786	-504	5122	0	0	178
-35.66	20.69	1	0	97	-863	402	4616	1730115250.763435	2171707	-509	5104	0	0	178
-36.32	20.69	0	0	97	-878	401	4604	1730115250.86442	2163594	-507	5084	0	0	178
26.94	21.34	174	0	99	901	413	4555	1730115250.975195	2154576	-487	5063	0	0	178
-6.35	20.14	-1	0	98	-46	444	5156	1730115251.080115	2145643	-500	5042	0	0	178
-7.02	20.14	-1	0	98	-67	437	5080	1730115251.178004	2137692	-504	5024	0	0	178
-7.72	20.14	-1	0	98	-90	437	5086	1730115251.277049	2129584	-512	5005	0	0	178
-8.48	20.12	0	0	98	-113	436	5076	1730115251.378167	2120052	-506	4982	0	0	178
-9.15	20.23	-1	0	98	-135	438	5074	1730115251.47802	2112564	-488	4965	0	0	178
22.73	21.53	174	0	99	791	419	4589	1730115251.579362	2103646	-502	4944	0	0	178
-10.4	20.23	-1	0	98	-175	439	5085	1730115251.675398	2095703	-504	4925	0	0	178
21.39	21.3	-180	0	99	731	402	4450	1730115251.776303	2087594	-512	4906	0	0	178
20.65	21.3	176	0	99	713	404	4465	1730115251.877052	2079530	-505	4887	0	0	178
19.96	21.48	176	0	99	710	416	4565	1730115251.982364	2070490	-495	4866	0	0	178
-13.14	20.49	0	0	98	-259	438	5030	1730115252.068891	2063568	-496	4849	0	0	178
-44.65	21.16	-7	0	97	-997	371	4182	1730115252.184361	2053605	-509	4826	0	0	178
-13.78	20.42	-1	0	98	-275	430	4951	1730115252.190019	2052610	-496	4824	0	0	178
-14.48	20.25	0	0	98	-298	429	4976	1730115252.279414	2045491	-511	4807	0	0	178
-15.14	20.23	-1	0	98	-313	421	4892	1730115252.379143	2036899	-498	4787	0	0	178
16.63	21.46	-179	0	99	641	431	4747	1730115252.467164	2029909	-500	4770	0	0	178
16.08	21.85	176	0	99	632	443	4799	1730115252.560397	2022451	-492	4753	0	0	178
-16.58	20.72	0	0	98	-359	432	4927	1730115252.562149	2021469	-498	4750	0	0	178
0.17	20.12	178	0	99	160	428	4970	1730115254.953051	1822993	-487	4284	0	0	178
-32.9	19.19	0	0	98	-772	371	4514	1730115255.059349	1813903	-510	4263	0	0	178
-0.52	20.05	177	0	99	136	421	4901	1730115255.064727	1812903	-499	4260	0	0	178
-1.2	19.95	177	0	99	112	408	4769	1730115255.165359	1804856	-496	4241	0	0	178
-1.9	19.86	177	0	99	94	418	4906	1730115255.275484	1795768	-502	4220	0	0	178
-2.53	19.93	176	0	99	72	408	4776	1730115255.379993	1787309	-500	4200	0	0	178
-3.19	19.98	176	0	99	52	404	4723	1730115255.480433	1779326	-497	4181	0	0	178
-3.87	19.93	176	0	99	32	403	4723	1730115255.576587	1770778	-501	4161	0	0	178
-4.6	19.79	177	0	99	10	391	4612	1730115255.672786	1762713	-497	4142	0	0	178
-5.27	19.84	178	0	99	-10	402	4735	1730115255.773885	1753692	-504	4121	0	0	178
-5.92	20.02	177	0	99	-31	426	4979	1730115255.874513	1745728	-501	4102	0	0	178
-38.74	19.38	1	0	98	-909	367	4441	1730115255.973966	1737698	-504	4084	0	0	178
-6.51	20.09	177	0	99	-49	421	4897	1730115255.979801	1736702	-495	4081	0	0	178
-39.41	19.21	1	0	98	-890	350	4264	1730115256.07038	1729657	-505	4065	0	0	178
-7.24	19.88	176	0	99	-72	418	4908	1730115256.075011	1728654	-499	4062	0	0	178
-7.92	19.72	177	0	99	-90	403	4771	1730115256.176631	1720617	-495	4043	0	0	178
-8.58	19.86	177	0	99	-109	403	4738	1730115256.27763	1712623	-495	4025	0	0	178
-9.23	20.09	176	0	99	-131	416	4848	1730115256.373452	1704162	-500	4005	0	0	178
-42.08	19.4	1	0	98	-941	348	4203	1730115256.471823	1696122	-506	3986	0	0	178
-9.9	20.02	177	0	99	-149	409	4779	1730115256.476665	1695126	-498	3984	0	0	178
-10.55	19.77	177	0	99	-174	416	4913	1730115256.576215	1687631	-502	3966	0	0	178
-11.2	19.75	176	0	99	-189	406	4807	1730115256.690109	1678565	-500	3945	0	0	178
-11.88	19.95	177	0	99	-209	408	4791	1730115256.779436	1670660	-495	3926	0	0	178
-12.51	20.02	177	0	99	-225	403	4721	1730115256.898818	1660565	-500	3902	0	0	178
-13.16	19.86	177	0	99	-251	412	4853	1730115256.984998	1653510	-508	3886	0	0	178
-13.83	19.77	177	0	99	-274	415	4909	1730115257.085374	1645448	-508	3867	0	0	178
-46.73	19.38	2	0	98	-1090	361	4356	1730115257.190756	1636442	-499	3846	0	0	178
-14.48	19.91	178	0	99	-300	426	5007	1730115257.192888	1635449	-505	3843	0	0	178
-47.29	19.4	1	0	98	-1062	348	4191	1730115257.279367	1630497	-494	3832	0	0	178
-15.12	19.91	178	0	99	-306	407	4793	1730115257.281129	1628525	-491	3827	0	0	178
-15.72	19.81	178	0	99	-332	416	4914	1730115257.374569	1621008	-504	3809	0	0	178
30.85	18.33	-2	0	100	1021	372	4614	1730115257.472433	1612935	-500	3790	0	0	178
-16.39	19.86	178	0	99	-339	401	4733	1730115257.478071	1611922	-510	3788	0	0	178
-17.12	19.93	176	0	99	-374	418	4914	1730115257.573732	1604331	-502	3770	0	0	178
29.45	18.4	2	0	100	991	376	4653	1730115257.673125	1596368	-495	3751	0	0	178
-17.71	19.93	174	0	99	-379	404	4751	1730115257.673394	1595389	-494	3749	0	0	178
28.79	18.31	-1	0	100	952	366	4555	1730115257.775703	1587460	-501	3731	0	0	178
-18.31	19.81	178	0	99	-395	400	4735	1730115257.781875	1586463	-495	3728	0	0	178
-18.97	19.84	178	0	99	-433	418	4944	1730115257.872422	1579461	-506	3712	0	0	178
-19.62	19.95	178	0	99	-442	411	4834	1730115257.973161	1571285	-505	3693	0	0	178
-20.27	19.95	175	0	99	-436	388	4569	1730115258.07661	1562239	-500	3671	0	0	178
-20.92	19.93	179	0	99	-476	407	4790	1730115258.175626	1554265	-490	3653	0	0	178
-21.52	19.91	178	0	99	-483	397	4681	1730115258.276977	1546348	-496	3634	0	0	178
-22.19	19.84	179	0	99	-519	410	4846	1730115258.374616	1537836	-504	3614	0	0	178
-22.85	19.88	179	0	99	-516	393	4641	1730115258.474458	1529650	-515	3595	0	0	178
23.97	18.26	-2	0	100	872	388	4849	1730115258.476261	1528639	-503	3592	0	0	178
-23.57	20.02	179	0	99	-558	411	4828	1730115258.576293	1521076	-497	3575	0	0	178
23.22	18.31	2	0	100	867	396	4945	1730115258.576914	1520077	-501	3572	0	0	178
-24.13	19.95	178	0	99	-571	407	4800	1730115258.668826	1513111	-489	3556	0	0	178
-24.69	19.91	178	0	99	-573	397	4685	1730115258.766559	1505218	-497	3537	0	0	178
21.98	18.31	-2	0	100	840	401	5005	1730115258.773067	1504214	-498	3535	0	0	178
21.33	18.26	-2	0	100	818	400	4996	1730115258.884182	1495135	-498	3514	0	0	178
20.57	18.24	-3	0	100	804	404	5053	1730115258.968702	1488015	-509	3497	0	0	178
-26.51	19.95	178	0	99	-630	401	4731	1730115259.081965	1478969	-497	3476	0	0	178
20.08	18.29	-1	0	100	767	393	4912	1730115259.082528	1477975	-496	3473	0	0	178
19.47	18.36	-2	0	100	778	409	5103	1730115259.196537	1469003	-491	3452	0	0	178
18.85	18.36	-2	0	100	745	402	5009	1730115259.275172	1463031	-493	3438	0	0	178
-28.29	19.88	179	0	99	-657	386	4566	1730115259.382762	1453512	-510	3416	0	0	178
18.18	18.29	-1	0	100	713	394	4930	1730115259.388481	1452503	-501	3413	0	0	178
17.21	18.22	-2	0	100	704	405	5081	1730115259.479234	1445395	-513	3397	0	0	178
-29.84	19.95	178	0	99	-692	383	4526	1730115259.569969	1437798	-502	3379	0	0	178
16.59	18.38	-1	0	100	667	397	4950	1730115259.575694	1436803	-495	3376	0	0	178
-30.35	20.09	175	0	99	-743	406	4764	1730115259.661109	1430811	-492	3362	0	0	178
16.21	18.47	-1	0	100	681	414	5143	1730115259.661532	1429824	-495	3360	0	0	178
0.27	18.77	1	0	100	177	440	5400	1730115262.066007	1230562	-490	2892	0	0	178
-0.4	18.61	-2	0	100	145	412	5099	1730115262.168817	1221657	-499	2871	0	0	178
-46.56	19.65	170	0	99	-1087	365	4360	1730115262.270112	1213489	-514	2852	0	0	178
-1.08	18.56	0	0	100	121	401	4977	1730115262.276401	1212481	-501	2849	0	0	178
-1.86	18.61	-1	0	100	99	413	5105	1730115262.375276	1204350	-503	2830	0	0	178
-2.5	18.68	-1	0	100	77	408	5038	1730115262.476417	1195848	-498	2810	0	0	178
-3.14	18.8	-1	0	100	57	415	5099	1730115262.579167	1187950	-497	2792	0	0	178
-3.78	18.7	-1	0	100	36	408	5027	1730115262.674944	1179470	-501	2772	0	0	178
30.08	19.26	-2	0	101	1050	406	4848	1730115262.771376	1173440	-509	2758	0	0	178
-4.48	18.68	0	0	100	14	418	5155	1730115262.778671	1170427	-510	2751	0	0	178
-5.16	18.7	-1	0	100	-8	419	5165	1730115262.876289	1162360	-505	2732	0	0	178
28.65	19.44	-2	0	101	1024	415	4921	1730115262.977714	1154305	-499	2713	0	0	178
-5.85	18.84	0	0	100	-29	404	4957	1730115262.97963	1153312	-503	2710	0	0	178
-6.48	18.91	-1	0	100	-49	411	5031	1730115263.080411	1145409	-502	2692	0	0	178
-7.14	18.8	-1	0	100	-68	397	4883	1730115263.178689	1137433	-503	2673	0	0	178
-7.81	18.75	1	0	100	-93	415	5108	1730115263.302199	1127316	-507	2649	0	0	178
-8.52	18.75	0	0	100	-110	396	4884	1730115263.393904	1119275	-502	2630	0	0	178
25.27	19.49	2	0	101	966	434	5145	1730115263.488319	1111767	-505	2613	0	0	178
-9.17	18.94	1	0	100	-137	419	5118	1730115263.494191	1110763	-498	2610	0	0	178
-9.84	18.91	0	0	100	-154	408	4991	1730115263.595995	1102292	-496	2590	0	0	178
-10.49	18.8	-1	0	100	-174	403	4957	1730115263.674943	1095269	-503	2574	0	0	178
23.23	19.35	-1	0	101	902	431	5141	1730115263.790808	1086280	-501	2553	0	0	178
-11.17	18.8	-1	0	100	-196	406	4992	1730115263.796419	1085291	-500	2550	0	0	178
22.54	19.44	-1	0	101	873	429	5099	1730115263.888495	1078188	-507	2534	0	0	178
-11.88	18.84	1	0	100	-227	424	5209	1730115263.893353	1077199	-502	2531	0	0	178
-12.49	18.94	1	0	100	-245	422	5169	1730115263.973484	1071194	-496	2517	0	0	178
-13.15	18.89	-1	0	100	-264	416	5109	1730115264.069677	1063115	-502	2498	0	0	178
21.18	19.49	-3	0	101	870	450	5340	1730115264.075111	1062116	-499	2496	0	0	178
20.53	19.42	-2	0	101	854	451	5371	1730115264.177362	1054084	-501	2477	0	0	178
19.86	19.35	-1	0	101	818	442	5283	1730115264.273158	1046006	-501	2458	0	0	178
19.18	19.4	-3	0	101	809	450	5368	1730115264.37123	1038053	-503	2439	0	0	178
-15.81	18.8	-1	0	100	-345	411	5069	1730115264.472447	1029591	-503	2420	0	0	178
18.5	19.4	-1	0	101	773	442	5271	1730115264.47661	1028602	-492	2417	0	0	178
-16.48	18.75	1	0	100	-362	406	5014	1730115264.57185	1021521	-512	2401	0	0	178
17.83	19.28	-2	0	101	776	455	5452	1730115264.573563	1020500	-507	2398	0	0	178
17.1	19.31	-3	0	101	762	461	5527	1730115264.674863	1012908	-495	2380	0	0	178
16.47	19.26	2	0	101	733	455	5466	1730115264.788751	1004878	-492	2361	0	0	178
-18.44	18.8	-1	0	100	-427	411	5067	1730115264.874353	996012	-494	2341	0	0	178
15.14	19.33	1	0	101	687	456	5462	1730115264.973464	988030	-502	2322	0	0	178
14.44	19.33	1	0	101	668	459	5499	1730115265.075642	978932	-503	2300	0	0	178
13.71	19.31	-1	0	101	641	457	5480	1730115265.178501	970804	-496	2281	0	0	178
47.58	19.07	-2	0	102	1364	361	4250	1730115265.275096	962833	-493	2263	0	0	178
13.05	19.38	3	0	101	610	452	5407	1730115265.276886	961836	-498	2260	0	0	178
46.93	19.19	-3	0	102	1370	368	4319	1730115265.372067	954893	-488	2244	0	0	178
12.45	19.44	-1	0	101	606	466	5551	1730115265.372677	953893	-501	2242	0	0	178
46.28	19.14	6	0	102	1370	372	4374	1730115265.472631	946453	-497	2224	0	0	178
11.8	19.44	-1	0	101	587	469	5587	1730115265.47887	945440	-512	2222	0	0	178
11.11	19.4	-1	0	101	557	463	5526	1730115265.575043	937424	-504	2203	0	0	178
44.78	19.0	-2	0	102	1327	368	4362	1730115265.670956	929836	-509	2185	0	0	178
10.4	19.35	1	0	101	532	460	5512	1730115265.676748	928836	-498	2183	0	0	178
9.71	19.54	-1	0	101	512	468	5559	1730115265.780481	920799	-491	2164	0	0	178
43.4	19.35	5	0	102	1331	383	4495	1730115265.862086	913821	-504	2147	0	0	178
9.09	19.68	-1	0	101	480	461	5444	1730115265.866925	912837	-488	2145	0	0	178
8.49	19.68	0	0	101	462	463	5467	1730115265.971441	904854	-493	2126	0	0	178
37.84	41.44	8	0	10	2239	1359	8480	1730115266.080454	895803	-505	2105	0	0	178
7.1	19.58	0	0	101	420	467	5542	1730115266.166843	888699	-497	2088	0	0	178
6.65	19.72	1	0	101	404	469	5535	1730115266.281246	878678	-498	2065	0	0	178
40.39	19.51	6	0	102	1313	403	4719	1730115266.383435	870689	-495	2046	0	0	178
6.0	19.88	-1	0	101	381	473	5536	1730115266.385525	869687	-504	2044	0	0	178
-29.14	19.31	2	0	100	-748	415	5028	1730115266.47251	863214	-499	2029	0	0	178
4.69	19.68	0	0	101	332	463	5477	1730115266.562064	855183	-503	2010	0	0	178
38.29	19.19	-2	0	102	1264	400	4756	1730115266.656037	847654	-505	1992	0	0	178
3.97	19.68	0	0	101	312	470	5557	1730115266.662156	846665	-490	1990	0	0	178
3.29	19.79	-1	0	101	288	472	5555	1730115266.794376	836609	-495	1966	0	0	178
2.66	19.91	0	0	101	270	481	5637	1730115266.869076	829690	-501	1950	0	0	178
-32.47	19.38	1	0	100	-831	408	4931	1730115266.98081	820630	-500	1928	0	0	178
-33.18	19.31	2	0	100	-834	398	4830	1730115267.072123	812564	-504	1910	0	0	178
-33.84	19.31	2	0	100	-868	406	4920	1730115267.17401	804571	-492	1891	0	0	178
-0.04	19.77	0	0	101	171	472	5556	1730115267.265332	796583	-497	1872	0	0	178
33.41	19.4	-1	0	102	1152	411	4867	1730115267.362981	788508	-498	1853	0	0	178
32.73	19.35	-2	0	102	1122	406	4824	1730115267.466442	779970	-504	1833	0	0	178
-36.58	19.47	1	0	100	-927	400	4819	1730115267.561519	771911	-502	1814	0	0	178
-2.08	19.79	-1	0	101	101	479	5636	1730115267.571278	770921	-491	1812	0	0	178
31.33	19.31	0	0	102	1077	404	4805	1730115267.666647	763397	-501	1794	0	0	178
30.63	19.31	0	0	102	1067	407	4850	1730115267.767068	755449	-501	1775	0	0	178
-4.05	19.86	0	0	101	31	472	5551	1730115267.870144	746390	-505	1754	0	0	178
-4.78	19.91	-1	0	101	5	473	5545	1730115267.9653	738351	-502	1735	0	0	178
-5.48	19.91	-1	0	101	-19	472	5532	1730115268.064531	730294	-497	1716	0	0	178
27.75	19.44	-2	0	102	1015	422	5010	1730115268.16404	721301	-503	1695	0	0	178
27.1	19.44	-2	0	102	974	413	4898	1730115268.26787	713351	-498	1676	0	0	178
26.39	19.44	-2	0	102	951	412	4889	1730115268.365345	705280	-509	1657	0	0	178
-42.68	19.56	1	0	100	-1064	391	4683	1730115268.463947	698203	-501	1641	0	0	178
-8.14	19.91	2	0	101	-114	482	5659	1730115268.468515	695729	-503	1635	0	0	178
-43.36	19.54	1	0	100	-1083	391	4686	1730115268.564818	688631	-501	1618	0	0	178
-8.83	19.88	0	0	101	-137	474	5576	1730115268.569341	687633	-503	1616	0	0	178
-9.47	19.86	-1	0	101	-158	470	5529	1730115268.668614	680229	-497	1599	0	0	178
23.62	19.44	-1	0	102	915	433	5145	1730115268.768243	671294	-495	1578	0	0	178
22.92	19.35	-1	0	102	901	435	5190	1730115268.867021	663335	-507	1559	0	0	178
22.21	19.31	-1	0	102	858	424	5073	1730115268.966902	655237	-504	1540	0	0	178
21.51	19.35	-1	0	102	852	433	5167	1730115269.068588	646163	-507	1518	0	0	178
-12.73	19.84	0	0	101	-273	473	5581	1730115269.167397	638230	-492	1500	0	0	178
-47.93	19.33	2	0	100	-1210	390	4708	1730115269.263624	630251	-502	1481	0	0	178
20.25	19.38	-2	0	102	826	440	5253	1730115269.269431	629260	-497	1479	0	0	178
-14.0	19.68	-2	0	101	-309	457	5433	1730115269.364753	622275	-501	1462	0	0	178
18.85	19.21	-1	0	102	779	436	5238	1730115269.463871	614183	-506	1443	0	0	178
-15.36	19.68	1	0	101	-363	467	5551	1730115269.569905	604683	-493	1421	0	0	178
17.51	19.26	-1	0	102	763	452	5430	1730115269.670121	596197	-495	1401	0	0	178
-15.99	19.68	1	0	101	-385	468	5561	1730115269.674737	595207	-500	1399	0	0	178
16.89	19.24	1	0	102	743	452	5438	1730115269.765889	588295	-500	1382	0	0	178
1.03	18.8	-2	0	102	209	453	5554	1730115272.265099	379682	-513	892	0	0	178
-32.51	19.1	-5	0	101	-866	420	5132	1730115272.371042	371578	-502	873	0	0	178
0.36	18.75	0	0	102	183	445	5476	1730115272.376496	370581	-495	871	0	0	178
-0.27	18.75	0	0	102	158	439	5393	1730115272.482365	361645	-500	850	0	0	178
-0.82	18.73	1	0	102	144	451	5549	1730115272.584382	353315	-493	830	0	0	178
-34.11	18.98	2	0	101	-916	419	5147	1730115272.678101	346267	-511	814	0	0	178
-1.45	18.68	-1	0	102	122	449	5544	1730115272.682849	344800	-497	810	0	0	178
-2.1	18.66	0	0	102	99	448	5535	1730115272.782096	336693	-499	791	0	0	178
-2.76	18.66	0	0	102	74	441	5449	1730115272.890857	327597	-500	770	0	0	178
-3.37	18.75	0	0	102	54	448	5518	1730115272.98933	319681	-494	751	0	0	178
-36.52	19.05	1	0	101	-951	404	4952	1730115273.08635	311768	-498	733	0	0	178
-3.93	18.75	0	0	102	34	443	5450	1730115273.09346	310784	-490	730	0	0	178
-37.06	18.94	2	0	101	-958	399	4908	1730115273.195285	302807	-496	712	0	0	178
-4.54	18.66	0	0	102	13	434	5368	1730115273.200609	301782	-513	709	0	0	178
-5.21	18.63	1	0	102	-10	440	5440	1730115273.289272	294642	-498	692	0	0	178
-38.39	19.03	2	0	101	-987	397	4869	1730115273.386528	286577	-499	673	0	0	178
-5.9	18.66	0	0	102	-34	445	5502	1730115273.392793	285570	-510	671	0	0	178
-38.98	19.03	2	0	101	-993	393	4815	1730115273.483726	278642	-486	655	0	0	178
-6.52	18.73	3	0	102	-57	459	5653	1730115273.488694	277655	-496	652	0	0	178
-7.12	18.73	1	0	102	-76	445	5486	1730115273.596674	269230	-496	633	0	0	178
-7.73	18.66	1	0	102	-99	451	5578	1730115273.700988	260799	-489	613	0	0	178
-8.44	18.66	1	0	102	-119	436	5397	1730115273.797022	252678	-501	594	0	0	178
-9.08	18.61	2	0	102	-146	451	5590	1730115273.893702	244706	-496	575	0	0	178
-9.71	18.66	1	0	102	-166	446	5522	1730115273.98532	236673	-490	556	0	0	178
-42.66	19.12	2	0	101	-1080	389	4753	1730115274.074808	229735	-500	540	0	0	178
-10.34	18.75	1	0	102	-188	448	5529	1730115274.080336	228745	-492	538	0	0	178
-10.96	18.68	-1	0	102	-214	457	5651	1730115274.177819	220706	-494	519	0	0	178
-43.93	19.03	2	0	101	-1119	390	4774	1730115274.27699	212643	-492	500	0	0	178
-11.63	18.61	1	0	102	-235	450	5589	1730115274.277508	211628	-509	497	0	0	178
-12.28	18.66	1	0	102	-248	433	5363	1730115274.3787	203626	-500	479	0	0	178
-12.96	18.82	2	0	102	-281	453	5573	1730115274.482995	196600	-500	462	0	0	178
-13.55	18.8	3	0	102	-300	450	5545	1730115274.578121	187057	-498	440	0	0	178
-14.18	18.75	1	0	102	-315	440	5437	1730115274.680962	179005	-502	421	0	0	178
-14.83	18.75	1	0	102	-335	437	5398	1730115274.780197	170522	-493	401	0	0	178
13.37	19.26	48	0	0	548	397	4771	1730115274.879386	163514	-505	384	0	0	178
-16.11	18.84	1	0	102	-389	452	5560	1730115274.986365	153579	-508	361	0	0	178
-16.77	18.77	-2	0	102	-412	451	5563	1730115275.080079	145493	-508	342	0	0	178
-17.43	18.91	2	0	102	-427	446	5472	1730115275.177418	137403	-506	323	0	0	178
-18.07	18.89	3	0	102	-455	451	5542	1730115275.279497	129392	-498	304	0	0	178
-18.68	18.87	2	0	102	-461	437	5373	1730115275.375525	120428	-494	283	0	0	178
-19.3	18.89	3	0	102	-492	447	5498	1730115275.477837	112446	-498	264	0	0	178
-19.95	18.87	2	0	102	-501	435	5359	1730115275.580048	103821	-513	244	0	0	178
8.11	19.33	82	0	0	408	415	4971	1730115275.679196	95726	-506	225	0	0	178
-20.69	18.91	2	0	102	-530	440	5405	1730115275.680598	94724	-495	223	0	0	178
0.61	40.23	5	0	10	318	1412	9057	1730115275.780361	87226	-500	205	0	0	178
-21.9	18.91	2	0	102	-555	429	5268	1730115275.885688	79293	-494	186	0	0	178
-22.49	18.89	3	0	102	-588	438	5396	1730115275.976029	71359	-499	168	0	0	178
-0.47	40.14	13	0	10	259	1425	9163	1730115276.081988	62299	-509	146	0	0	178
4.88	19.26	84	0	0	299	402	4836	1730115276.185829	53129	-503	125	0	0	178
-23.82	18.84	1	0	102	-617	427	5274	1730115276.195944	52125	-499	122	0	0	178
-24.47	18.94	1	0	102	-632	425	5222	1730115276.281591	45084	-496	106	0	0	178
3.66	19.47	85	0	0	276	428	5102	1730115276.37831	37311	-476	88	0	0	178
-25.08	19.03	1	0	102	-649	425	5209	1730115276.383972	36326	-473	85	0	0	178
3.05	19.42	89	0	0	247	412	4921	1730115276.479472	30008	-435	71	0	0	178
-26.37	18.91	2	0	102	-688	423	5202	1730115276.580659	23187	-371	54	0	0	178
-27.02	18.94	2	0	102	-695	415	5101	1730115276.682557	16971	-319	40	0	0	178
-27.71	19.07	3	0	102	-730	425	5204	1730115276.779396	12545	-281	29	0	0	178
0.4	19.56	84	0	0	172	430	5111	1730115276.88715	8097	-226	19	0	0	178
-0.21	19.42	93	0	0	146	411	4914	1730115276.992985	4575	-177	11	0	0	178
-29.4	19.03	2	0	102	-768	417	5108	1730115277.095621	2241	-127	5	0	0	178
-0.7	19.35	92	0	0	134	421	5043	1730115277.101568	2022	-113	5	0	0	178
-1.09	19.4	87	0	0	122	421	5042	1730115277.195766	625	-67	1	0	0	178
-30.14	19.14	3	0	102	-796	422	5144	1730115277.296946	38	-16	0	0	0	178
-1.45	19.42	93	0	0	112	427	5108	1730115277.302481	21	-8	0	0	0	178
